1 38
1 95
1 36
1 67
1 94
1 65
2 32
3 97
3 49
3 34
3 20
3 83
4 78
4 65
5 97
5 56
5 32
6 35
6 33
6 39
6 8
6 82
6 94
6 17
7 75
7 11
7 28
7 78
7 17
7 14
7 37
8 92
8 83
8 84
8 77
8 94
8 24
9 60
9 81
10 37
10 40
10 18
10 11
10 100
10 44
10 89
11 39
11 57
11 22
11 26
11 63
11 30
11 8
12 47
12 95
13 42
13 73
13 97
13 50
13 3
13 92
13 4
14 42
14 79
14 87
14 63
14 36
15 2
15 95
15 94
15 83
15 42
15 67
15 60
16 96
17 78
17 16
17 73
17 8
17 18
18 94
18 28
18 29
18 64
18 69
18 37
18 36
19 40
19 84
19 25
20 79
20 15
21 61
21 67
21 37
21 24
21 23
21 96
22 23
22 13
22 99
22 69
22 89
22 52
22 88
23 62
23 53
23 77
23 31
23 63
23 80
24 38
24 35
25 19
25 72
25 47
25 99
25 44
25 39
25 94
26 40
26 98
27 15
27 28
28 94
28 45
28 73
28 71
28 7
28 100
28 25
29 38
29 36
29 79
29 39
29 2
30 15
30 5
31 88
31 97
31 45
31 22
31 65
31 79
31 29
32 81
32 96
32 52
32 70
33 39
33 73
33 70
33 99
33 47
34 5
34 71
34 7
34 67
34 95
34 16
34 62
35 4
36 95
36 81
36 42
36 53
37 18
37 75
37 98
37 29
38 35
39 29
39 21
39 17
40 52
40 73
40 30
40 90
40 10
40 33
41 86
41 92
41 84
41 63
42 16
42 14
42 8
42 36
42 5
42 54
43 94
43 11
43 77
43 5
44 97
44 17
44 66
44 54
45 70
45 46
45 98
45 7
46 47
46 64
46 62
46 77
46 90
47 68
47 7
47 1
48 63
48 13
48 6
48 79
49 54
49 19
49 2
49 63
50 36
50 99
50 83
50 58
50 89
51 35
51 82
51 36
52 20
52 22
52 4
53 30
53 97
53 94
53 70
54 20
54 93
55 100
55 5
56 10
56 99
57 23
57 4
58 82
58 37
58 85
58 96
59 25
59 39
59 28
60 96
61 79
61 98
61 2
61 18
62 9
62 95
62 6
62 51
62 60
63 27
63 70
63 13
64 57
65 43
65 46
65 99
65 41
65 53
65 32
65 33
66 80
66 27
66 40
66 11
67 84
67 85
67 13
67 12
68 90
69 43
69 65
69 64
69 18
70 82
70 11
71 90
71 19
72 94
72 96
73 53
73 95
73 91
74 19
74 92
74 75
74 69
74 54
75 27
75 23
75 3
75 92
75 78
75 74
76 58
76 100
77 71
78 11
78 43
78 95
79 14
79 97
79 94
79 9
79 100
80 27
81 7
81 87
81 96
81 17
82 1
82 47
83 29
83 35
84 8
84 65
85 52
85 7
85 57
85 22
85 73
86 68
86 94
86 96
86 12
87 47
87 70
87 92
87 19
87 79
87 99
87 25
88 15
88 55
89 2
90 73
90 11
90 68
91 52
91 6
91 63
91 35
91 17
91 54
92 53
92 2
93 68
93 42
93 98
93 55
93 100
94 45
94 98
94 61
94 33
94 77
95 56
96 8
96 31
96 80
96 75
96 72
96 85
97 80
97 64
97 3
97 58
97 53
97 17
97 15
98 13
98 30
98 2
98 66
99 83
99 35
99 66
99 48
99 67
99 34
99 16
100 29
100 84
100 56
100 27
100 64
