1 31
1 12
1 82
1 42
1 58
2 18
2 94
2 15
2 51
2 68
3 41
3 17
3 82
3 87
3 52
4 72
4 82
4 71
4 84
4 3
4 7
4 46
5 65
5 47
5 22
5 59
5 53
5 90
6 61
6 24
7 31
7 70
7 11
7 48
7 9
7 56
8 52
8 62
8 30
8 10
9 74
9 59
9 72
9 35
9 91
9 71
10 75
10 68
10 81
10 93
10 8
10 94
10 34
11 92
11 41
11 84
11 2
11 77
11 70
11 54
12 14
12 31
12 8
12 85
12 54
13 31
13 43
13 100
13 89
13 40
13 35
13 84
14 68
15 1
15 38
16 17
16 71
16 92
16 63
16 79
17 99
18 21
19 89
19 95
19 20
19 49
20 84
20 98
20 9
20 72
20 32
21 29
21 7
22 64
22 94
22 49
22 46
22 48
22 100
23 99
23 76
23 84
23 30
24 10
24 8
24 73
24 49
27 32
29 68
29 41
29 25
29 14
29 84
29 38
30 83
30 65
30 8
30 72
30 73
31 37
31 8
31 21
31 24
32 100
32 34
33 97
33 2
33 75
33 99
33 78
33 96
33 67
35 18
35 26
36 24
37 39
37 22
38 86
38 97
39 68
39 78
39 81
39 99
39 29
39 80
40 21
42 96
43 56
43 93
43 7
43 33
43 59
44 66
44 47
46 85
46 5
46 29
47 32
47 61
47 49
47 97
48 84
50 42
50 90
50 34
51 23
51 3
51 92
52 11
52 9
52 85
53 83
53 88
53 27
53 40
53 32
53 76
54 51
54 30
54 18
54 85
54 83
54 25
54 47
55 40
55 82
55 63
55 5
55 58
56 90
56 71
56 93
56 59
56 68
56 89
57 87
57 53
57 52
57 31
57 2
57 92
58 56
58 35
58 81
59 84
59 98
60 81
60 63
60 76
60 87
60 100
61 35
61 82
61 5
61 41
62 21
62 36
63 59
63 14
64 55
64 66
64 73
64 10
65 21
65 61
65 33
65 9
65 37
66 88
66 98
66 61
66 71
66 68
66 38
67 93
67 29
67 97
67 60
67 44
68 49
68 94
68 75
68 45
69 42
70 48
70 26
70 25
70 3
70 53
70 81
70 65
71 34
71 69
71 8
72 71
72 75
72 44
72 54
73 86
73 23
73 70
73 83
73 84
73 2
73 53
75 50
75 28
75 85
75 72
77 55
77 85
77 61
77 99
77 75
77 33
77 73
78 28
79 40
79 95
79 75
79 65
80 10
81 15
81 92
82 14
82 87
82 89
82 9
82 67
83 33
83 31
83 15
83 32
83 52
84 67
84 94
84 91
84 78
84 73
84 45
84 89
86 18
86 56
87 70
87 11
87 13
87 16
87 14
87 73
88 68
88 24
88 67
88 17
88 91
89 52
89 29
89 31
89 54
89 28
89 90
89 56
90 96
90 94
91 21
91 54
92 56
92 66
92 68
92 69
92 31
93 49
93 94
93 73
93 38
93 74
93 44
93 37
94 75
94 76
94 83
94 85
95 87
95 53
96 60
96 26
96 61
96 80
96 78
97 86
97 81
97 98
97 91
97 56
97 18
98 74
98 46
99 12
99 31
99 36
99 28
99 10
99 5
99 88
100 56
100 62
